# all in microseconds
id,startT,endT,centerT,deltaT
1,3.6,4.6,4.06,1
2,4.6,5.6,5.07,1
3,5.6,6.6,6.07,1
4,6.6,7.6,7.08,1
5,7.6,9.6,8.52,2
6,9.6,11.6,10.53,2
7,11.6,13.6,12.55,2
8,13.6,15.6,14.56,2
9,15.6,19.6,17.44,4
10,19.6,23.6,21.46,4
11,23.6,27.6,25.49,4
12,27.6,31.6,29.5,4
13,31.6,39.6,35.28,8
14,39.6,47.6,43.30,8
15,47.6,55.6,51.40,8
16,55.6,63.6,59.41,8
17,63.6,79.6,71.60,16
18,79.6,95.6,87.60,16
19,95.6,111.6,103.6,16
20,111.6,127.6,119.6,16
21,127.6,159.6,143.6,32
22,159.6,191.6,175.6,32
23,191.6,223.6,207.6,32
24,223.6,255.6,239.6,32
25,255.6,319.6,285,64
26,319.6,383.6,350,64
27,383.6,447.6,414,64
28,447.6,511.6,478,64
29,511.6,639.6,570,128
30,639.6,767.6,699,128
31,767.6,895.6,828,128
32,895.6,1023.6,956,128
33,1023.6,1279.6,1152,256
34,1279.6,1535.6,1408,256
35,1535.6,1791.6,1664,256
36,1791.6,2047.6,1920,256
37,2047.6,2559.6,2304,512
38,2559.6,3071.6,2816,512
39,3071.6,3583.6,3328,512
40,3583.6,4095.6,3840,512
41,4095.6,5119.6,4608,1024
42,5119.6,6143.6,5632,1024
43,6143.6,7167.6,6656,1024
44,7167.6,8191.6,7680,1024
45,8191.6,10239.6,9216,2048
46,10239.6,12287.6,11264,2048
47,12287.6,14335.6,13312,2048
48,14335.6,16383.6,15360,2048
